{
    "thyaw": -0.023,
    "throll": -0.03,
    "thpitch": -0.808,
    "xc": 0,
    "yc": 0,
    "zc": 6.88,
    "f": 0.0047,
    "sw": 0.00498,
    "sh": 0.00374,
    "U": 1920,
    "V": 1080,
    "lines": [
        {
            "id": 1,
            "x1": 5.2,
            "y1": 9.67,
            "x2": -3.8,
            "y2": 9.67
        },
        {
            "id": 2,
            "x1": -3.8,
            "y1": 5.67,
            "x2": 4.2,
            "y2": 5.67
        },
		{
            "id": 3,
            "x1": 2.2,
            "y1": 5.67,
            "x2": 2.2,
            "y2": 9.67
        },
        {
            "id": 4,
            "x1": 2.2,
            "y1": 9.67,
            "x2": 2.2,
            "y2": 5.67
        }
    ]
}